0 0.187404 0.449960 0.087223 0.125185
0 0.092515 0.421184 0.085308 0.182737
0 0.346996 0.475139 0.051762 0.060439
0 0.273669 0.465785 0.060385 0.090647
0 0.929177 0.318736 0.141646 0.630219
0 0.781673 0.306634 0.154315 0.613268
0 0.655631 0.347806 0.093938 0.643164
0 0.576554 0.409671 0.064215 0.525185
0 0.933596 0.701761 0.128438 0.130935
0 0.434700 0.877858 0.863600 0.244284
0 0.897650 0.813990 0.052715 0.067633
0 0.901008 0.952119 0.044092 0.067633
0 0.237250 0.633412 0.464869 0.235970
0 0.021585 0.382333 0.041215 0.257552
