0 0.436092 0.597320 0.029462 0.068809
0 0.804877 0.784440 0.135138 0.019661
0 0.086600 0.232567 0.085785 0.046263
0 0.122996 0.194112 0.017331 0.020236
0 0.081185 0.272464 0.070615 0.019651
0 0.068404 0.299641 0.077115 0.015031
0 0.064288 0.318434 0.085346 0.015616
0 0.181696 0.105062 0.026423 0.022546
0 0.209638 0.122700 0.021662 0.031232
0 0.226104 0.109687 0.008669 0.020236
0 0.159169 0.165488 0.014292 0.020811
0 0.122562 0.139754 0.008662 0.014456
0 0.159815 0.107952 0.013862 0.015616
0 0.208558 0.210590 0.041162 0.058984
0 0.255246 0.310082 0.044769 0.038070
0 0.288785 0.335087 0.020215 0.043378
0 0.310088 0.371227 0.018054 0.025062
0 0.220188 0.425919 0.028162 0.069867
0 0.245642 0.429050 0.018408 0.061674
0 0.261346 0.430498 0.007215 0.049148
0 0.192750 0.428568 0.025269 0.062639
0 0.164954 0.428809 0.024554 0.064086
0 0.445835 0.082346 0.018054 0.039990
0 0.458650 0.070785 0.006131 0.013008
0 0.421465 0.293167 0.042962 0.064569
0 0.424896 0.364718 0.049100 0.073727
0 0.471646 0.386165 0.034292 0.068429
0 0.208212 0.475601 0.107438 0.023131
0 0.353992 0.388860 0.051554 0.047413
0 0.387138 0.367757 0.021662 0.044528
0 0.256081 0.570724 0.020362 0.034117
0 0.264746 0.616689 0.019492 0.030072
0 0.383673 0.443794 0.036392 0.055513
0 0.384323 0.492659 0.042892 0.039897
0 0.420931 0.473573 0.024262 0.064189
0 0.471185 0.593270 0.037262 0.078060
0 0.513427 0.572746 0.041162 0.113337
0 0.475735 0.534004 0.029023 0.037002
0 0.554146 0.565226 0.037692 0.120267
0 0.596608 0.580549 0.041154 0.131263
0 0.637981 0.587490 0.036392 0.139353
0 0.615235 0.667577 0.034223 0.032382
0 0.207127 0.769923 0.024700 0.034692
0 0.183950 0.813003 0.068454 0.024856
0 0.201062 0.792767 0.023831 0.013296
0 0.195646 0.836709 0.040723 0.015616
0 0.289658 0.793922 0.019931 0.035277
0 0.401219 0.015898 0.030762 0.031222
0 0.516846 0.077485 0.013431 0.024867
0 0.495446 0.120560 0.013000 0.033542
0 0.592277 0.176073 0.018631 0.033542
0 0.558050 0.165950 0.023823 0.027177
0 0.558050 0.195154 0.020362 0.024292
0 0.489812 0.185036 0.019931 0.019086
0 0.547215 0.307911 0.032492 0.089045
0 0.637550 0.313691 0.047654 0.067074
0 0.640362 0.379615 0.075815 0.055513
0 0.669608 0.326699 0.011262 0.037587
0 0.602673 0.305595 0.017762 0.017351
0 0.639931 0.427608 0.084477 0.035852
0 0.638631 0.460277 0.039431 0.022546
0 0.643396 0.484851 0.017762 0.018511
0 0.270238 0.157002 0.030831 0.034805
0 0.261965 0.230621 0.020808 0.020749
0 0.327150 0.087228 0.010777 0.010370
0 0.615173 0.184107 0.020054 0.028439
0 0.564581 0.425975 0.011531 0.016735
0 0.785323 0.342490 0.027554 0.061756
0 0.687538 0.371632 0.015077 0.033306
0 0.719085 0.581186 0.110908 0.069969
0 0.839958 0.588701 0.128238 0.080380
0 0.824358 0.668501 0.093577 0.072279
0 0.747892 0.630334 0.049815 0.027177
0 0.787535 0.717936 0.165500 0.025441
0 0.937092 0.780970 0.125815 0.074014
0 0.791650 0.753214 0.162469 0.037002
0 0.639585 0.828388 0.126077 0.057823
0 0.716050 0.829831 0.025131 0.044528
0 0.624638 0.787618 0.080585 0.017926
0 0.643481 0.766227 0.035962 0.008676
0 0.571781 0.839369 0.008669 0.037012
0 0.817862 0.810744 0.114369 0.027177
0 0.881331 0.841987 0.235246 0.046807
0 0.925954 0.883029 0.029892 0.031807
0 0.948050 0.880139 0.009100 0.023706
0 0.940985 0.554528 0.078415 0.071129
0 0.985519 0.551699 0.009531 0.034117
0 0.857719 0.527408 0.087515 0.041057
0 0.861619 0.470164 0.033792 0.067659
0 0.901692 0.465826 0.048092 0.099456
0 0.944800 0.471607 0.032923 0.089045
0 0.970792 0.470739 0.018200 0.082690
0 0.988331 0.488958 0.016046 0.070544
0 0.947396 0.416674 0.014731 0.018501
0 0.734092 0.496766 0.038815 0.097577
0 0.248896 0.197079 0.031592 0.036540
0 0.252458 0.267372 0.059285 0.040287
