0 0.033796 0.412300 0.065315 0.140185
0 0.201496 0.375960 0.056485 0.066561
0 0.194215 0.432207 0.041923 0.041232
0 0.149423 0.345041 0.042369 0.054189
0 0.109481 0.270529 0.035746 0.060667
0 0.125588 0.200431 0.015008 0.042998
0 0.927358 0.375970 0.021700 0.016191
0 0.079696 0.396694 0.022946 0.040637
0 0.014912 0.241786 0.029823 0.198501
0 0.021000 0.109251 0.036185 0.061848
0 0.057627 0.131047 0.030008 0.026509
0 0.088519 0.056535 0.012362 0.042413
0 0.113235 0.116617 0.017654 0.034158
0 0.070869 0.196432 0.015892 0.015903
0 0.078812 0.255334 0.016777 0.019435
0 0.398981 0.285960 0.012792 0.034754
0 0.346465 0.319533 0.017208 0.019435
0 0.381292 0.306704 0.020338 0.019507
0 0.978492 0.022408 0.043015 0.044815
0 0.988842 0.059127 0.021485 0.024538
0 0.728219 0.169466 0.228177 0.143347
0 0.569331 0.242834 0.080708 0.161150
0 0.627796 0.271247 0.029869 0.050051
0 0.800012 0.272515 0.158238 0.052587
0 0.860065 0.222900 0.030500 0.034774
0 0.807954 0.404415 0.148708 0.202710
0 0.977312 0.396781 0.040038 0.109415
0 0.914081 0.452757 0.044485 0.029682
0 0.801600 0.557064 0.171585 0.100986
0 0.902004 0.589317 0.021608 0.077177
0 0.933781 0.605431 0.020331 0.043265
0 0.794927 0.658018 0.158238 0.099240
0 0.775546 0.741566 0.132185 0.057669
0 0.792704 0.801786 0.043208 0.049199
0 0.745992 0.915441 0.037492 0.040719
0 0.697700 0.918414 0.051477 0.044959
0 0.647815 0.873460 0.045754 0.036468
0 0.663700 0.835287 0.019062 0.029692
0 0.696108 0.789908 0.019062 0.030534
0 0.651188 0.399995 0.067962 0.120749
0 0.710546 0.444466 0.041923 0.121335
0 0.699285 0.609584 0.034954 0.195082
0 0.650354 0.601956 0.061646 0.047505
0 0.651942 0.479394 0.071177 0.036468
0 0.596973 0.145631 0.032408 0.035616
0 0.509912 0.314420 0.033685 0.312125
0 0.554396 0.340714 0.051469 0.028840
0 0.569331 0.471335 0.062277 0.055975
0 0.481315 0.279220 0.019708 0.160308
0 0.586965 0.905837 0.067669 0.067731
0 0.486012 0.929641 0.059208 0.040739
0 0.541546 0.860190 0.028323 0.028470
0 0.481419 0.793927 0.017654 0.019641
0 0.409265 0.749754 0.044131 0.041232
0 0.359981 0.737233 0.040454 0.043686
0 0.360904 0.834179 0.020223 0.066756
0 0.311808 0.816992 0.067662 0.051047
0 0.148704 0.889887 0.029054 0.028953
0 0.255354 0.815524 0.042292 0.057926
0 0.317323 0.722017 0.038985 0.028963
0 0.204788 0.760791 0.051485 0.041725
0 0.219869 0.693552 0.050754 0.081971
0 0.265104 0.707295 0.031623 0.048593
0 0.161946 0.666057 0.062892 0.118296
0 0.103658 0.665816 0.051485 0.111920
0 0.063388 0.666304 0.028315 0.046140
0 0.220419 0.610842 0.044500 0.077556
0 0.263635 0.588018 0.036777 0.055462
0 0.307212 0.575005 0.048915 0.063809
0 0.319531 0.515123 0.033831 0.047125
0 0.547546 0.391114 0.037600 0.055842
0 0.451938 0.323244 0.034862 0.070678
0 0.418396 0.344451 0.028685 0.034158
0 0.378238 0.365359 0.043692 0.026509
0 0.293288 0.402469 0.048546 0.038285
0 0.358162 0.281422 0.018538 0.016499
0 0.107277 0.528516 0.050754 0.053604
0 0.153612 0.507310 0.047223 0.071273
0 0.149423 0.439574 0.045015 0.060667
