0 0.324058 0.313222 0.106423 0.073279
0 0.086804 0.059659 0.159146 0.099665
0 0.287446 0.110225 0.179646 0.133383
0 0.487112 0.180577 0.186485 0.165612
0 0.620381 0.239936 0.041008 0.134838
0 0.160519 0.463453 0.298762 0.221316
0 0.382150 0.423147 0.119115 0.143637
0 0.434388 0.607818 0.184531 0.152425
0 0.601346 0.501559 0.198200 0.177344
0 0.634050 0.823268 0.193315 0.158291
0 0.434873 0.808614 0.201131 0.181732
0 0.065323 0.686963 0.092754 0.043972
0 0.187369 0.810814 0.069323 0.150958
0 0.109262 0.820335 0.059554 0.041039
0 0.801496 0.814475 0.110331 0.111397
0 0.933319 0.070652 0.088823 0.083545
0 0.830788 0.505953 0.127900 0.109919
0 0.937208 0.602685 0.061508 0.115785
0 0.754631 0.629070 0.069323 0.057171
0 0.629169 0.625410 0.128877 0.058626
0 0.828346 0.703089 0.031246 0.055693
0 0.188342 0.618077 0.106423 0.049827
