0 0.040892 0.782814 0.013015 0.030704
0 0.734381 0.581730 0.024915 0.015802
0 0.633096 0.509642 0.075423 0.041822
0 0.661185 0.479302 0.019246 0.014129
0 0.609527 0.642993 0.070715 0.021211
0 0.634077 0.623910 0.016108 0.010012
0 0.592385 0.678881 0.019615 0.046021
0 0.606273 0.667520 0.008162 0.024913
0 0.647808 0.659792 0.009385 0.010611
0 0.636004 0.616078 0.009762 0.011534
0 0.622500 0.627209 0.010154 0.012111
0 0.601808 0.628131 0.009231 0.014187
0 0.566892 0.637013 0.019231 0.012803
0 0.577854 0.672076 0.007308 0.010265
0 0.509831 0.659089 0.018462 0.014648
0 0.522138 0.652053 0.007385 0.011419
0 0.440715 0.715548 0.018846 0.021223
0 0.288073 0.734493 0.020715 0.040358
0 0.351042 0.725017 0.014838 0.009135
0 0.017827 0.811373 0.032731 0.063714
0 0.066915 0.769002 0.017923 0.022042
0 0.056515 0.705081 0.024246 0.034152
0 0.173119 0.692739 0.016592 0.017220
0 0.175592 0.760398 0.008877 0.015375
0 0.166846 0.754135 0.010631 0.016275
0 0.156823 0.746915 0.013846 0.020427
0 0.113562 0.698581 0.011077 0.019423
0 0.190769 0.667855 0.007092 0.013449
0 0.270615 0.734394 0.013292 0.017301
0 0.268596 0.633241 0.029777 0.020531
0 0.261150 0.606448 0.024085 0.029181
0 0.265377 0.585755 0.012446 0.011719
0 0.276938 0.619596 0.006538 0.016263
0 0.343777 0.580265 0.011431 0.023714
0 0.336269 0.587439 0.004923 0.013749
0 0.490327 0.806280 0.008377 0.012561
0 0.464127 0.618039 0.029915 0.031788
0 0.465662 0.594971 0.015508 0.013426
0 0.520100 0.576805 0.017277 0.045998
0 0.598346 0.550611 0.013185 0.034556
0 0.628700 0.544637 0.041985 0.030911
0 0.598946 0.514319 0.017738 0.040035
0 0.590535 0.555594 0.010854 0.022261
0 0.680608 0.524493 0.020508 0.036205
0 0.958288 0.793501 0.030546 0.036159
0 0.932908 0.798841 0.022969 0.031684
0 0.913154 0.809689 0.014246 0.014810
