0 0.043450 0.773835 0.086823 0.148777
0 0.939985 0.890825 0.013323 0.042710
0 0.238731 0.768599 0.039538 0.127832
0 0.782662 0.959118 0.021062 0.017220
0 0.852904 0.747174 0.028977 0.029158
0 0.560035 0.801309 0.105731 0.216390
0 0.680535 0.786667 0.134315 0.189965
0 0.793677 0.781315 0.086262 0.139262
0 0.567892 0.617053 0.151938 0.147832
0 0.664104 0.628841 0.036669 0.111407
0 0.705538 0.652405 0.032862 0.078558
0 0.607900 0.510288 0.042385 0.067128
0 0.541935 0.521355 0.094300 0.056413
0 0.475492 0.666332 0.056677 0.100692
0 0.493115 0.802734 0.025246 0.080692
0 0.351181 0.438875 0.054777 0.127116
0 0.411192 0.531713 0.070969 0.214245
0 0.471681 0.544567 0.049054 0.145698
0 0.284977 0.261401 0.030954 0.132122
0 0.309842 0.477526 0.022577 0.477243
0 0.350435 0.567607 0.062838 0.129354
0 0.217296 0.489648 0.160023 0.421349
0 0.760423 0.870957 0.021831 0.032734
0 0.255638 0.258264 0.025246 0.047140
0 0.292827 0.748333 0.069731 0.085963
0 0.261681 0.859302 0.098392 0.065709
0 0.283731 0.811978 0.087369 0.042987
0 0.064608 0.923979 0.127615 0.150427
0 0.151981 0.929544 0.045485 0.140911
0 0.192773 0.970877 0.035008 0.058247
0 0.074758 0.821805 0.097669 0.052376
0 0.084346 0.773824 0.065815 0.037682
0 0.069458 0.478506 0.133362 0.303518
0 0.023973 0.664550 0.042392 0.059988
0 0.082554 0.646332 0.071923 0.029273
0 0.864335 0.810611 0.051992 0.094025
0 0.899062 0.849890 0.017462 0.092837
0 0.919304 0.861499 0.026192 0.076770
0 0.739327 0.664965 0.034454 0.043057
0 0.776073 0.690969 0.030777 0.033749
0 0.698346 0.909683 0.046738 0.054291
0 0.762981 0.972860 0.014469 0.019631
0 0.491915 0.737832 0.021431 0.038685
0 0.386404 0.396915 0.014885 0.045871
0 0.368738 0.358933 0.029492 0.026448
0 0.338554 0.358518 0.029769 0.037197
0 0.113735 0.712186 0.057423 0.079896
