0 0.602154 0.377017 0.054446 0.085760
0 0.668585 0.345970 0.038354 0.049990
0 0.613519 0.293003 0.061977 0.077361
0 0.742600 0.498029 0.074908 0.075585
0 0.541508 0.553373 0.026754 0.087485
0 0.610842 0.565873 0.046823 0.093429
0 0.658108 0.593840 0.049492 0.104148
0 0.702250 0.731617 0.060192 0.045226
0 0.590108 0.757798 0.037462 0.049990
0 0.650077 0.730447 0.050385 0.051222
0 0.391242 0.223075 0.036562 0.048203
0 0.872581 0.070724 0.063762 0.062495
0 0.888838 0.168624 0.080292 0.057125
0 0.801981 0.374769 0.050962 0.073193
0 0.960681 0.500826 0.051085 0.040914
0 0.830938 0.553321 0.041800 0.050031
0 0.704138 0.696930 0.022908 0.019014
0 0.480265 0.739497 0.012392 0.038029
0 0.495904 0.647957 0.025085 0.029343
0 0.615315 0.715847 0.016000 0.025144
0 0.681115 0.464328 0.042062 0.056478
