0 0.722062 0.848628 0.042692 0.061490
0 0.943908 0.712333 0.069908 0.067359
0 0.875362 0.848510 0.060631 0.073155
0 0.208331 0.887338 0.191200 0.127071
0 0.396754 0.588715 0.128385 0.127112
0 0.262827 0.750992 0.080362 0.155488
0 0.300700 0.606608 0.048954 0.108592
0 0.430931 0.765802 0.078508 0.081449
0 0.353808 0.694841 0.075738 0.070339
0 0.058700 0.934866 0.102523 0.039496
0 0.288692 0.436922 0.026785 0.159188
0 0.308085 0.333263 0.021246 0.048129
0 0.526392 0.566773 0.132292 0.108304
0 0.602558 0.494168 0.086854 0.060709
0 0.619262 0.570642 0.065923 0.094625
0 0.679173 0.496249 0.071715 0.086290
0 0.963585 0.483160 0.068600 0.105334
0 0.888527 0.447451 0.084192 0.077965
0 0.887188 0.386449 0.062808 0.040462
0 0.810354 0.467980 0.063246 0.109507
0 0.749550 0.453993 0.052115 0.068438
0 0.807992 0.663052 0.037862 0.048263
0 0.818727 0.401141 0.042531 0.017513
0 0.492846 0.654815 0.043800 0.053556
0 0.854765 0.938741 0.095023 0.110596
0 0.952388 0.904522 0.089085 0.171100
0 0.943850 0.783762 0.109131 0.069435
0 0.864415 0.705647 0.074985 0.053063
0 0.762708 0.792189 0.061615 0.051572
0 0.886219 0.508335 0.085685 0.042158
0 0.574727 0.637693 0.051654 0.028931
0 0.678973 0.854466 0.050423 0.094645
0 0.755219 0.931953 0.099608 0.115725
0 0.687323 0.947246 0.037431 0.085139
0 0.487962 0.983541 0.085369 0.032919
0 0.331488 0.922775 0.051223 0.147790
0 0.153319 0.973844 0.301408 0.048613
0 0.696931 0.116614 0.017446 0.025293
0 0.718462 0.121079 0.022646 0.016362
0 0.636612 0.054625 0.037115 0.032230
0 0.298638 0.087359 0.028585 0.020329
0 0.325735 0.050904 0.044915 0.021829
0 0.432642 0.072230 0.044915 0.020822
0 0.511519 0.076444 0.034146 0.036197
0 0.201385 0.151578 0.020415 0.024800
0 0.284346 0.140175 0.034892 0.024789
0 0.177262 0.048428 0.021154 0.010915
0 0.396077 0.069255 0.023015 0.024800
0 0.364531 0.053386 0.025985 0.017852
0 0.238319 0.060329 0.027469 0.016855
0 0.353281 0.432282 0.025977 0.069435
0 0.661931 0.664137 0.032292 0.044635
0 0.673246 0.613058 0.031923 0.076372
