0 0.567492 0.380190 0.020431 0.028101
0 0.180908 0.635611 0.083215 0.156725
0 0.243650 0.597161 0.039300 0.046704
0 0.420165 0.734872 0.283946 0.105801
0 0.218442 0.783429 0.120731 0.053306
0 0.537827 0.845010 0.067192 0.117782
0 0.645585 0.804091 0.146462 0.063234
0 0.588015 0.723732 0.051092 0.076807
0 0.542588 0.645154 0.083654 0.090986
0 0.529365 0.558619 0.090746 0.091838
0 0.453135 0.505385 0.142562 0.077772
0 0.409485 0.444394 0.100415 0.042485
0 0.232300 0.637849 0.014446 0.027136
0 0.244069 0.696407 0.026215 0.030000
0 0.537150 0.395272 0.042731 0.043398
0 0.626942 0.465534 0.081746 0.068193
0 0.691969 0.454579 0.056354 0.064476
0 0.397342 0.346299 0.054192 0.019004
0 0.539777 0.320878 0.046754 0.023563
0 0.499992 0.339476 0.021677 0.013634
0 0.836112 0.524420 0.030038 0.043809
0 0.789200 0.800708 0.138723 0.172341
0 0.930462 0.808907 0.139077 0.239251
0 0.788073 0.678696 0.144469 0.070698
0 0.956635 0.958419 0.086654 0.081725
0 0.905508 0.677628 0.091462 0.041417
0 0.645365 0.421817 0.030469 0.042649
0 0.806073 0.526715 0.030838 0.025298
0 0.856612 0.514312 0.018208 0.020329
0 0.365419 0.665190 0.108992 0.035123
0 0.387246 0.632536 0.070908 0.023552
0 0.524515 0.921581 0.047262 0.041663
0 0.696408 0.857012 0.049492 0.043450
0 0.340862 0.895246 0.338400 0.209507
