0 0.333092 0.377449 0.380938 0.033316
0 0.372388 0.339189 0.298638 0.035791
0 0.483800 0.228742 0.075815 0.017279
0 0.484727 0.484194 0.118346 0.103665
0 0.905419 0.732223 0.188623 0.535554
0 0.840235 0.386088 0.054546 0.139446
0 0.890627 0.407685 0.040685 0.091324
0 0.935931 0.430513 0.033292 0.065400
0 0.420931 0.302782 0.205262 0.037023
0 0.453292 0.264533 0.129446 0.032084
0 0.220173 0.711258 0.440346 0.570133
0 0.667335 0.601432 0.285700 0.794733
0 0.486112 0.901289 0.124823 0.197423
0 0.298419 0.414471 0.446577 0.043193
