0 0.412065 0.842697 0.055562 0.294810
0 0.363646 0.907376 0.034923 0.171487
0 0.425162 0.633622 0.029369 0.135379
0 0.189023 0.959271 0.082554 0.025569
0 0.314831 0.608797 0.097631 0.046633
0 0.246965 0.838178 0.044454 0.033090
0 0.531915 0.410999 0.063492 0.120335
0 0.478338 0.430554 0.038892 0.066181
0 0.532312 0.328273 0.032546 0.054155
0 0.495804 0.381669 0.008731 0.019548
0 0.931150 0.588185 0.137700 0.477362
0 0.606558 0.560488 0.070485 0.115525
0 0.574573 0.403819 0.029762 0.135802
0 0.671612 0.853659 0.044454 0.292682
0 0.795054 0.428367 0.119062 0.195335
0 0.171562 0.889322 0.039692 0.039111
0 0.512865 0.724621 0.144454 0.506910
0 0.618038 0.800576 0.064292 0.382055
