0 0.636950 0.926277 0.080346 0.147446
0 0.502769 0.970200 0.221738 0.059600
0 0.512408 0.900974 0.208892 0.077128
0 0.546477 0.747149 0.228169 0.232246
0 0.714554 0.634451 0.106692 0.401067
0 0.541331 0.596744 0.234600 0.059990
0 0.577327 0.540179 0.158762 0.047990
0 0.604000 0.501190 0.106692 0.028287
0 0.794896 0.563749 0.059131 0.381364
0 0.718731 0.412492 0.089338 0.039426
0 0.852881 0.540610 0.072992 0.295662
0 0.909815 0.555764 0.052708 0.163692
0 0.906042 0.410333 0.036454 0.103149
0 0.944788 0.572836 0.030069 0.107046
0 0.786923 0.780426 0.040708 0.045713
0 0.189781 0.721497 0.028208 0.038851
0 0.351577 0.617349 0.031308 0.036359
0 0.386292 0.599990 0.039985 0.015713
0 0.310819 0.646487 0.032238 0.030164
0 0.913092 0.201779 0.017308 0.015497
0 0.938742 0.373800 0.030685 0.032646
0 0.701246 0.846128 0.106692 0.047990
0 0.876719 0.906118 0.035992 0.065138
0 0.163988 0.771559 0.024792 0.037887
0 0.150173 0.830800 0.027638 0.057169
0 0.143327 0.884349 0.035131 0.037538
0 0.266923 0.726441 0.045200 0.052349
0 0.303731 0.701128 0.032031 0.046503
0 0.228385 0.725862 0.020354 0.035703
0 0.904512 0.688903 0.029900 0.036308
