0 0.127096 0.075069 0.254192 0.146397
0 0.315323 0.054001 0.137492 0.104261
0 0.118846 0.182188 0.234538 0.080704
0 0.275523 0.147512 0.095338 0.076270
0 0.079169 0.247604 0.155569 0.049273
0 0.397677 0.947483 0.143677 0.102125
0 0.369842 0.835000 0.175546 0.132841
0 0.304431 0.754659 0.166508 0.094977
0 0.216419 0.832500 0.053285 0.070704
0 0.578215 0.963903 0.215508 0.072125
0 0.777550 0.951778 0.189823 0.096443
0 0.512565 0.630035 0.029977 0.101409
0 0.768277 0.869278 0.202662 0.067125
0 0.539919 0.838568 0.033300 0.055704
0 0.566800 0.900699 0.028062 0.041420
0 0.884354 0.767154 0.143677 0.181397
0 0.932750 0.928972 0.122900 0.142055
0 0.906081 0.591149 0.187838 0.176594
0 0.973885 0.719330 0.047246 0.089769
0 0.912765 0.404902 0.171469 0.193915
0 0.901696 0.188176 0.196238 0.244503
0 0.912269 0.038152 0.175092 0.074388
0 0.736173 0.149307 0.138731 0.174827
0 0.755581 0.276143 0.098762 0.080554
0 0.669662 0.334850 0.062800 0.033418
0 0.778131 0.429117 0.099338 0.098557
0 0.046827 0.350704 0.093623 0.150831
0 0.176419 0.325849 0.053669 0.073707
0 0.281746 0.674215 0.118169 0.076282
0 0.691069 0.411980 0.073646 0.098557
0 0.631700 0.122742 0.064508 0.140543
0 0.781273 0.047327 0.086208 0.035993
