0 0.332385 0.153083 0.115323 0.120831
0 0.460550 0.213072 0.130731 0.189400
0 0.331815 0.340756 0.116462 0.100266
0 0.185381 0.389607 0.171838 0.096836
0 0.063496 0.441888 0.119885 0.156824
0 0.053442 0.167650 0.106885 0.125970
0 0.074281 0.650572 0.148562 0.207402
0 0.089758 0.797107 0.124454 0.078834
0 0.058931 0.890092 0.115323 0.101986
0 0.190804 0.970970 0.224931 0.058060
0 0.361215 0.746969 0.147862 0.172252
0 0.369777 0.920941 0.166123 0.149965
0 0.547038 0.825283 0.239769 0.349434
0 0.385481 0.599567 0.098192 0.122552
0 0.541900 0.491588 0.317415 0.364215
0 0.690900 0.697269 0.068508 0.050566
0 0.730004 0.633424 0.071362 0.094261
0 0.934508 0.839850 0.130985 0.320300
0 0.939077 0.547725 0.121846 0.260531
0 0.669781 0.159509 0.102762 0.296524
0 0.570446 0.171934 0.090200 0.069411
0 0.373773 0.068239 0.286008 0.119111
0 0.927535 0.074238 0.056515 0.144827
0 0.178073 0.489919 0.112746 0.112125
