0 0.342204 0.162252 0.062223 0.126836
0 0.386735 0.295941 0.088485 0.128557
0 0.446388 0.398782 0.103900 0.075416
0 0.542585 0.418060 0.082785 0.125982
0 0.529742 0.478909 0.162131 0.076270
0 0.577981 0.571461 0.134162 0.098557
0 0.625935 0.487477 0.035962 0.100266
0 0.592823 0.664018 0.086200 0.089977
0 0.592823 0.748002 0.112462 0.069423
0 0.563708 0.791709 0.088492 0.053995
0 0.459808 0.344792 0.057662 0.047991
0 0.418415 0.151536 0.027400 0.023141
0 0.436115 0.463915 0.037677 0.047991
0 0.653908 0.561178 0.026831 0.074550
0 0.381358 0.187240 0.041100 0.095635
