0 0.285035 0.291726 0.194562 0.186132
0 0.197008 0.528764 0.080154 0.178938
0 0.215504 0.412044 0.097962 0.116212
0 0.434381 0.300976 0.078100 0.212875
0 0.543650 0.304579 0.121254 0.201559
0 0.449450 0.159579 0.220592 0.067864
0 0.174054 0.192997 0.093169 0.070958
0 0.664227 0.348828 0.070546 0.176940
0 0.717996 0.369371 0.043838 0.117240
0 0.720050 0.468095 0.034254 0.076097
0 0.695192 0.681934 0.052723 0.096409
0 0.602423 0.684936 0.036077 0.066594
0 0.642169 0.724809 0.039769 0.040751
0 0.563400 0.695248 0.039000 0.058557
0 0.492950 0.666403 0.039192 0.042760
0 0.495615 0.709602 0.035385 0.041905
0 0.534435 0.722373 0.024285 0.032436
0 0.570665 0.637130 0.040531 0.038741
0 0.552600 0.584607 0.031169 0.041617
0 0.681765 0.459047 0.044777 0.041328
0 0.620565 0.406236 0.017208 0.047067
0 0.647812 0.244509 0.029638 0.031282
0 0.610242 0.230445 0.016438 0.042760
0 0.613492 0.075173 0.029446 0.057691
0 0.493715 0.112921 0.049138 0.031570
0 0.558146 0.120092 0.012046 0.018360
0 0.280731 0.166132 0.119877 0.071524
0 0.100727 0.177639 0.052008 0.031282
0 0.035623 0.192130 0.051431 0.037309
0 0.123092 0.341057 0.052385 0.052760
0 0.163246 0.361894 0.026000 0.061709
0 0.149192 0.375814 0.025046 0.025254
0 0.018719 0.388158 0.037438 0.068303
0 0.154542 0.483152 0.047223 0.056259
0 0.123000 0.474971 0.019692 0.031282
0 0.050635 0.573557 0.059654 0.087829
0 0.116404 0.609007 0.035946 0.092125
0 0.139823 0.706732 0.048369 0.070600
0 0.075108 0.692379 0.029446 0.043626
0 0.022500 0.661236 0.045000 0.084088
0 0.014596 0.595803 0.023900 0.051952
0 0.081185 0.516241 0.044354 0.064815
0 0.030615 0.463435 0.046646 0.063476
0 0.262627 0.691149 0.066992 0.091605
0 0.325900 0.698020 0.082323 0.040912
0 0.289219 0.574278 0.064285 0.073499
0 0.240904 0.540872 0.023131 0.144654
0 0.272931 0.482032 0.047415 0.079792
0 0.329519 0.421184 0.048562 0.072898
0 0.654681 0.610883 0.029331 0.047356
0 0.738854 0.675485 0.035677 0.051570
0 0.986950 0.753562 0.014038 0.054145
0 0.621335 0.329452 0.043223 0.155393
