0 0.377685 0.679804 0.371908 0.260624
0 0.372754 0.858245 0.162769 0.084411
0 0.679550 0.606501 0.227885 0.235450
0 0.688427 0.383649 0.160792 0.260600
0 0.404812 0.482107 0.410377 0.185115
0 0.038331 0.048210 0.073985 0.045912
0 0.097027 0.378447 0.090762 0.161420
0 0.152269 0.550231 0.106538 0.158453
0 0.474358 0.827893 0.062146 0.068118
0 0.807854 0.793222 0.118462 0.134965
0 0.915612 0.811790 0.084685 0.112125
0 0.891158 0.606467 0.189823 0.186397
0 0.859473 0.446501 0.175069 0.130693
0 0.797154 0.303308 0.066600 0.068557
0 0.557381 0.242968 0.094192 0.120693
0 0.394931 0.215462 0.064262 0.074296
0 0.218115 0.157073 0.072954 0.064885
0 0.156719 0.171328 0.045977 0.047113
0 0.034485 0.283331 0.066354 0.093406
0 0.028723 0.391328 0.054708 0.121409
0 0.084354 0.255889 0.027600 0.072125
0 0.033108 0.105144 0.066215 0.065092
0 0.486792 0.240346 0.054785 0.052079
0 0.926112 0.283990 0.134792 0.083314
0 0.912073 0.363585 0.164854 0.079850
0 0.787065 0.180976 0.027592 0.048557
0 0.401242 0.033147 0.076115 0.031420
0 0.622223 0.215970 0.036631 0.079977
0 0.663073 0.231790 0.041300 0.047113
