0 0.254981 0.455370 0.062638 0.188060
0 0.289665 0.574094 0.066208 0.047009
0 0.326346 0.472627 0.085615 0.165439
0 0.424658 0.466374 0.115762 0.217229
0 0.410977 0.336963 0.044800 0.044088
0 0.531900 0.459532 0.099508 0.169018
0 0.441904 0.602662 0.323900 0.093430
0 0.602862 0.556542 0.091585 0.151166
0 0.521788 0.558915 0.107038 0.061894
0 0.338431 0.661582 0.124092 0.043441
0 0.678781 0.533626 0.070562 0.102956
0 0.754108 0.421738 0.132415 0.130335
0 0.849850 0.456559 0.067792 0.183303
0 0.760450 0.513395 0.115762 0.074388
0 0.758269 0.359850 0.078892 0.044642
