0 0.941427 0.554157 0.060654 0.089861
0 0.708315 0.493453 0.074138 0.058915
0 0.598696 0.524994 0.074531 0.110104
0 0.471038 0.490479 0.082462 0.121998
0 0.446673 0.652003 0.116085 0.168533
0 0.407523 0.809076 0.102277 0.157113
0 0.368035 0.937979 0.127023 0.117829
0 0.634212 0.895849 0.038054 0.050704
0 0.529073 0.671957 0.051377 0.132829
0 0.584973 0.704809 0.057562 0.081420
0 0.748627 0.337379 0.047100 0.066420
0 0.775269 0.448424 0.044246 0.059988
0 0.724842 0.435572 0.065177 0.067125
0 0.534546 0.510202 0.069938 0.192113
0 0.637065 0.501634 0.064700 0.126409
0 0.839969 0.293816 0.050908 0.052136
0 0.779788 0.324169 0.039962 0.064273
0 0.763369 0.825064 0.068062 0.065462
0 0.659862 0.963637 0.026431 0.072725
0 0.505581 0.762125 0.095808 0.062494
0 0.699604 0.322200 0.047792 0.030427
0 0.659646 0.344873 0.033646 0.030993
0 0.712031 0.257483 0.023323 0.046212
0 0.840396 0.217506 0.029638 0.041039
0 0.875381 0.250941 0.031162 0.029273
0 0.812581 0.490779 0.033300 0.055947
0 0.779677 0.568736 0.034892 0.036894
0 0.718246 0.562512 0.087569 0.074330
0 0.751892 0.638135 0.034415 0.042483
0 0.782962 0.612875 0.034985 0.035012
0 0.619685 0.846934 0.038046 0.067448
0 0.629531 0.923845 0.049708 0.042771
0 0.374946 0.705924 0.032692 0.048222
0 0.447523 0.551311 0.105538 0.049365
0 0.422212 0.513597 0.027300 0.035855
0 0.520754 0.360485 0.044508 0.038915
0 0.725054 0.298147 0.071354 0.037540
0 0.710258 0.184151 0.038546 0.030658
0 0.816754 0.202079 0.016246 0.026859
0 0.843596 0.256010 0.032485 0.041328
0 0.878838 0.326478 0.029185 0.035958
