0 0.662238 0.311897 0.109615 0.214973
0 0.629985 0.130301 0.036769 0.182795
0 0.660735 0.157205 0.026485 0.083425
0 0.731550 0.323534 0.030946 0.156904
0 0.703535 0.452877 0.030669 0.068027
0 0.600965 0.021534 0.054131 0.040959
0 0.591138 0.245973 0.042600 0.046548
0 0.464588 0.553418 0.024531 0.038726
0 0.484527 0.542747 0.017008 0.042205
0 0.496654 0.515438 0.013385 0.045178
0 0.455112 0.592151 0.035131 0.035753
0 0.523419 0.640562 0.021192 0.043205
0 0.490438 0.666507 0.053908 0.049233
0 0.603819 0.224877 0.053054 0.047233
0 0.474288 0.636397 0.078992 0.064137
0 0.341465 0.544849 0.027100 0.094137
0 0.358696 0.472274 0.051115 0.080000
0 0.351923 0.208151 0.045692 0.184822
0 0.357923 0.346589 0.061569 0.094822
0 0.387350 0.250568 0.024008 0.103438
0 0.434881 0.262123 0.081915 0.047260
0 0.409135 0.406753 0.023038 0.072411
0 0.178827 0.289699 0.021300 0.032055
0 0.196350 0.315555 0.024977 0.032068
0 0.206512 0.272459 0.045700 0.019658
0 0.214062 0.302623 0.010846 0.042753
0 0.258692 0.349349 0.031169 0.094123
0 0.202158 0.400384 0.029623 0.037589
0 0.229069 0.371247 0.022262 0.035863
0 0.186665 0.361932 0.018008 0.044822
0 0.270658 0.711884 0.039531 0.089795
0 0.230308 0.881295 0.033846 0.064342
0 0.156885 0.974890 0.048985 0.050219
0 0.226315 0.737781 0.052138 0.065534
0 0.017623 0.851233 0.034015 0.037233
0 0.046346 0.926452 0.036246 0.027808
0 0.158565 0.863151 0.023700 0.045178
0 0.095135 0.532466 0.035685 0.053123
0 0.181846 0.599747 0.036246 0.069521
0 0.244162 0.549103 0.040431 0.059575
0 0.492777 0.041466 0.035415 0.052630
0 0.740973 0.219062 0.041823 0.074068
0 0.758750 0.335952 0.029977 0.147301
0 0.422292 0.343315 0.029277 0.069096
