0 0.104542 0.657578 0.200038 0.091696
0 0.317435 0.622439 0.504669 0.071130
0 0.346873 0.575306 0.373792 0.028281
0 0.370038 0.551309 0.297800 0.038558
0 0.422035 0.697855 0.450946 0.086551
0 0.378027 0.516603 0.194900 0.020565
0 0.035669 0.766840 0.066877 0.118270
0 0.100538 0.833258 0.067446 0.139689
0 0.180842 0.896672 0.081731 0.175675
0 0.258858 0.921955 0.081162 0.152537
0 0.348019 0.936984 0.097162 0.126032
0 0.485758 0.834539 0.172608 0.179965
0 0.629235 0.864977 0.126915 0.263126
0 0.481473 0.957520 0.177746 0.077993
0 0.371165 0.831972 0.070300 0.080554
0 0.758673 0.856840 0.106885 0.084014
0 0.865554 0.934839 0.105738 0.130323
0 0.958923 0.958408 0.082154 0.083183
0 0.974642 0.789983 0.050715 0.059988
0 0.392885 0.339631 0.264631 0.093403
0 0.231138 0.314781 0.076015 0.048847
0 0.567204 0.340490 0.089731 0.088270
0 0.522623 0.417618 0.141169 0.059135
0 0.610654 0.475035 0.169769 0.055698
0 0.694088 0.541880 0.174315 0.077993
0 0.817827 0.595012 0.073162 0.144833
0 0.873269 0.598443 0.033154 0.091696
0 0.904131 0.592439 0.024000 0.065986
0 0.981785 0.648576 0.036431 0.077128
0 0.652081 0.353339 0.080023 0.076275
0 0.738958 0.390623 0.089162 0.095986
0 0.826973 0.421903 0.085731 0.103691
0 0.904988 0.454919 0.080592 0.113068
0 0.969000 0.474175 0.056585 0.091696
0 0.953858 0.354614 0.066300 0.034256
0 0.265719 0.284781 0.032008 0.031707
0 0.331558 0.427301 0.069731 0.059123
0 0.393458 0.487463 0.060008 0.041130
