0 0.499192 0.347308 0.126492 0.104892
0 0.457931 0.487682 0.084077 0.204656
0 0.591746 0.558641 0.172769 0.120318
0 0.634169 0.474313 0.069415 0.093590
0 0.825835 0.376621 0.077900 0.073015
0 0.789969 0.453744 0.075585 0.124431
0 0.749862 0.541677 0.172769 0.080215
0 0.705515 0.608518 0.136523 0.059641
0 0.094265 0.649138 0.158885 0.056554
0 0.294415 0.307713 0.051677 0.052451
0 0.422838 0.672790 0.117231 0.093579
0 0.613735 0.659938 0.124177 0.076103
0 0.583265 0.375077 0.061700 0.069928
0 0.437108 0.364790 0.051677 0.067877
0 0.497235 0.622749 0.124946 0.098728
