0 0.347215 0.758588 0.099708 0.089865
0 0.383638 0.689550 0.041508 0.079145
0 0.245269 0.796378 0.061862 0.092846
0 0.205996 0.406564 0.069592 0.095219
0 0.147388 0.497323 0.068777 0.069629
0 0.103231 0.398228 0.029308 0.032137
0 0.467681 0.303009 0.034592 0.059516
0 0.310585 0.373836 0.031338 0.039280
0 0.332969 0.394038 0.022385 0.032171
0 0.382419 0.408054 0.048023 0.060112
0 0.195004 0.616046 0.040285 0.058324
0 0.224712 0.648785 0.033777 0.048796
0 0.261408 0.512987 0.028538 0.028515
0 0.233996 0.556592 0.019500 0.017345
0 0.491746 0.581378 0.027985 0.037199
0 0.679438 0.053352 0.033400 0.036850
0 0.366927 0.584297 0.047808 0.055793
0 0.321604 0.640602 0.060331 0.063026
0 0.399900 0.623555 0.020492 0.026862
0 0.294031 0.569471 0.029200 0.061327
0 0.362019 0.464381 0.016485 0.027548
0 0.091596 0.531181 0.030269 0.043825
0 0.221069 0.529837 0.037308 0.042148
