0 0.492773 0.507852 0.383085 0.238176
0 0.500585 0.692956 0.084677 0.139446
0 0.559773 0.279550 0.160300 0.240647
0 0.772281 0.344336 0.057546 0.051836
0 0.654723 0.313487 0.034523 0.037021
0 0.684319 0.345572 0.042746 0.059226
0 0.391988 0.769059 0.021408 0.027979
0 0.322650 0.284856 0.027531 0.033891
0 0.463062 0.185670 0.012662 0.015704
0 0.459069 0.215629 0.021200 0.021074
0 0.420662 0.214394 0.015969 0.020242
0 0.336281 0.182985 0.014592 0.016940
0 0.456042 0.353672 0.067454 0.093811
0 0.464573 0.301594 0.056992 0.039261
0 0.851777 0.368245 0.038985 0.047113
0 0.738800 0.488539 0.037015 0.043591
0 0.975838 0.611536 0.015523 0.030693
0 0.887623 0.284688 0.040631 0.038684
0 0.984092 0.395029 0.014200 0.025300
0 0.646285 0.174584 0.015862 0.034711
0 0.657350 0.123995 0.013546 0.036697
0 0.430715 0.259890 0.017508 0.027771
0 0.308092 0.766155 0.018077 0.045704
