0 0.590808 0.242850 0.303323 0.142688
0 0.723954 0.359158 0.246892 0.116308
0 0.776862 0.262035 0.079354 0.089927
0 0.761873 0.486857 0.259238 0.151077
0 0.569650 0.680502 0.458515 0.149874
0 0.601388 0.547406 0.074069 0.157071
0 0.744677 0.586977 0.235431 0.075544
0 0.816981 0.641532 0.062608 0.074341
0 0.164038 0.283619 0.081123 0.111506
0 0.160069 0.550424 0.159600 0.434090
0 0.302473 0.631328 0.139315 0.264958
0 0.348769 0.450282 0.039677 0.094728
0 0.393735 0.576182 0.046731 0.099519
0 0.235904 0.281820 0.069654 0.064749
0 0.318788 0.330978 0.055546 0.055157
0 0.924488 0.731627 0.026531 0.057395
0 0.935923 0.684106 0.029231 0.044906
0 0.943473 0.649095 0.019900 0.027061
0 0.402585 0.042354 0.055985 0.033243
0 0.479658 0.047652 0.068392 0.041914
0 0.257827 0.243054 0.040746 0.043368
0 0.262958 0.405805 0.067192 0.193138
0 0.310581 0.481553 0.044223 0.039320
0 0.883200 0.833290 0.033662 0.017354
0 0.849731 0.866056 0.035400 0.026987
0 0.874358 0.176454 0.050500 0.061046
0 0.830800 0.143567 0.039862 0.045377
0 0.835085 0.085141 0.027169 0.031328
0 0.968558 0.318645 0.027762 0.081517
0 0.974315 0.262631 0.022154 0.032123
0 0.973131 0.429273 0.022738 0.080303
0 0.696438 0.821998 0.032185 0.023285
0 0.735123 0.834247 0.020969 0.024498
0 0.814708 0.849503 0.016538 0.030115
