0 0.667269 0.822363 0.398185 0.130889
0 0.448615 0.853837 0.074462 0.075932
0 0.897281 0.859330 0.068146 0.066943
0 0.675473 0.729939 0.372946 0.065944
0 0.610477 0.664495 0.186154 0.060950
0 0.784642 0.681979 0.029654 0.035968
0 0.715542 0.625524 0.027762 0.042960
0 0.621204 0.618027 0.163438 0.059951
0 0.642658 0.571565 0.139454 0.044957
0 0.647073 0.524604 0.128100 0.046967
0 0.645185 0.440171 0.075092 0.129890
0 0.694719 0.465146 0.041654 0.085932
0 0.530019 0.441669 0.155238 0.058952
0 0.451142 0.480140 0.053008 0.043959
0 0.217027 0.501620 0.055531 0.042972
0 0.235958 0.462649 0.021454 0.036967
0 0.273188 0.448666 0.040392 0.026979
0 0.318938 0.417692 0.030923 0.030974
0 0.261512 0.521102 0.056162 0.039963
0 0.444512 0.328258 0.097808 0.047966
0 0.689985 0.335749 0.038492 0.054957
0 0.244477 0.288794 0.077615 0.050962
0 0.431262 0.258812 0.139462 0.042960
0 0.537904 0.243825 0.088977 0.056955
0 0.609215 0.246821 0.043538 0.066943
0 0.368162 0.213350 0.070046 0.053959
0 0.836704 0.681979 0.017669 0.027978
