0 0.089004 0.864048 0.158715 0.077699
0 0.147727 0.792829 0.172469 0.076266
0 0.183704 0.716569 0.178823 0.090649
0 0.255658 0.652542 0.240192 0.097845
0 0.461988 0.715146 0.079362 0.082050
0 0.360935 0.589953 0.158715 0.093525
0 0.392681 0.530241 0.129085 0.057552
0 0.481035 0.497144 0.092054 0.123745
0 0.549281 0.404341 0.112162 0.133808
0 0.626523 0.371967 0.057138 0.146757
0 0.681015 0.336715 0.085708 0.159707
0 0.756138 0.323044 0.056077 0.109351
0 0.781004 0.230957 0.063485 0.103588
0 0.926477 0.256883 0.147046 0.163975
0 0.829677 0.235272 0.057138 0.092092
0 0.386331 0.370523 0.052908 0.046046
0 0.364658 0.430957 0.058223 0.043169
0 0.468335 0.412971 0.058192 0.079142
0 0.322846 0.472683 0.052908 0.046036
0 0.239254 0.524482 0.063492 0.063316
