0 0.300627 0.707218 0.063485 0.077699
0 0.353000 0.667646 0.066662 0.107908
0 0.414900 0.623044 0.065600 0.084895
0 0.229200 0.787793 0.151308 0.083452
0 0.127112 0.866930 0.245454 0.080575
0 0.189112 0.643849 0.045562 0.065941
0 0.228877 0.618421 0.036138 0.044812
0 0.282562 0.586140 0.051385 0.040000
0 0.434442 0.572887 0.092131 0.070356
0 0.356869 0.603342 0.066615 0.037584
0 0.361300 0.536360 0.054215 0.026025
0 0.385042 0.516846 0.042885 0.019759
0 0.501269 0.573227 0.042169 0.036140
0 0.610592 0.441674 0.053862 0.031318
0 0.573385 0.446977 0.031185 0.030356
0 0.686785 0.387390 0.027169 0.026496
0 0.716758 0.395225 0.035731 0.013253
0 0.739642 0.392207 0.019485 0.016862
0 0.710112 0.360486 0.015362 0.032123
0 0.687669 0.372134 0.028938 0.016067
0 0.254619 0.739759 0.047146 0.029979
0 0.264723 0.849671 0.039185 0.064948
0 0.123581 0.686464 0.059392 0.029979
