0 0.771808 0.833499 0.175615 0.149885
0 0.711554 0.664634 0.128585 0.071946
0 0.676285 0.726585 0.021308 0.043964
0 0.681958 0.609702 0.087531 0.054446
0 0.660873 0.560554 0.047485 0.054456
0 0.695958 0.579587 0.024100 0.019278
0 0.648481 0.518154 0.047500 0.043839
0 0.598508 0.472134 0.036846 0.042406
0 0.625085 0.491647 0.019138 0.021684
0 0.565865 0.444236 0.031269 0.038808
0 0.575177 0.469106 0.011277 0.016036
0 0.542877 0.417280 0.023585 0.026255
0 0.522542 0.387422 0.032469 0.027416
0 0.499215 0.363368 0.031277 0.027197
0 0.471446 0.348729 0.027000 0.021621
