0 0.261196 0.683321 0.072008 0.068944
0 0.309692 0.735277 0.066138 0.070952
0 0.232908 0.600884 0.105077 0.107918
0 0.229600 0.513954 0.095523 0.069937
0 0.255315 0.471987 0.058785 0.027971
0 0.281769 0.440513 0.070538 0.028975
0 0.319612 0.413039 0.037469 0.035973
0 0.349854 0.390983 0.040754 0.026987
0 0.373773 0.375319 0.017715 0.020722
0 0.392023 0.371946 0.021615 0.015900
0 0.410627 0.356532 0.030469 0.024571
0 0.436142 0.342312 0.026223 0.015418
0 0.455985 0.330753 0.019846 0.013494
0 0.471754 0.320387 0.013815 0.014937
0 0.494965 0.306417 0.036146 0.011077
0 0.534792 0.288729 0.029769 0.020241
0 0.555204 0.275575 0.018423 0.020711
0 0.572923 0.262803 0.018431 0.014456
