0 0.371858 0.578504 0.105808 0.124895
0 0.398308 0.695910 0.092585 0.125900
0 0.345038 0.738379 0.040415 0.058954
0 0.377365 0.832301 0.100669 0.048954
0 0.369650 0.461093 0.119038 0.123902
0 0.396104 0.382657 0.116100 0.074937
0 0.439458 0.329200 0.051438 0.069948
0 0.485015 0.301470 0.051431 0.073441
0 0.532608 0.285272 0.049908 0.049393
0 0.573950 0.266187 0.036915 0.057061
0 0.608738 0.253081 0.039585 0.036789
0 0.646762 0.241851 0.039585 0.034079
0 0.688627 0.233426 0.048131 0.027312
0 0.741958 0.221710 0.069069 0.022856
0 0.792446 0.207657 0.048415 0.028494
0 0.840365 0.197793 0.050838 0.027699
0 0.893369 0.191658 0.062800 0.032814
0 0.938162 0.173499 0.034292 0.033086
0 0.982312 0.165246 0.034208 0.032458
