0 0.902931 0.818033 0.061231 0.092510
0 0.962673 0.853598 0.070162 0.113912
0 0.859746 0.778400 0.043800 0.086088
0 0.812992 0.745173 0.059108 0.092521
0 0.710727 0.662777 0.059531 0.069969
0 0.761542 0.685309 0.042946 0.035241
0 0.655700 0.614090 0.055631 0.068912
0 0.603788 0.590717 0.048192 0.045303
0 0.554181 0.565418 0.058115 0.044812
0 0.508569 0.539885 0.034523 0.042887
0 0.462015 0.507578 0.057954 0.047500
0 0.417958 0.490037 0.042869 0.050199
0 0.373108 0.453881 0.046046 0.042636
0 0.315358 0.423923 0.026592 0.032385
0 0.338777 0.436872 0.027385 0.029142
0 0.286827 0.400905 0.032162 0.029676
