0 0.205377 0.840952 0.061862 0.126841
0 0.226046 0.752118 0.080046 0.063421
0 0.252673 0.689378 0.072438 0.071956
0 0.258462 0.847699 0.046969 0.049477
0 0.286246 0.627986 0.060862 0.058923
0 0.305262 0.584357 0.073092 0.038232
0 0.328773 0.519493 0.060915 0.079090
0 0.381835 0.480884 0.057331 0.077584
0 0.409119 0.431036 0.079377 0.046109
0 0.420146 0.467767 0.033631 0.039362
0 0.465488 0.404984 0.047685 0.081705
0 0.504900 0.381187 0.039415 0.081328
0 0.478027 0.357756 0.023146 0.028483
0 0.536185 0.359634 0.025908 0.062218
0 0.566915 0.351015 0.039969 0.053222
0 0.602338 0.332458 0.035831 0.058849
0 0.635827 0.317469 0.037208 0.055105
0 0.660081 0.292924 0.026192 0.035220
0 0.696323 0.264618 0.033077 0.028860
0 0.687227 0.286925 0.030869 0.022490
0 0.734362 0.264995 0.044646 0.027354
0 0.830419 0.246632 0.041623 0.052845
0 0.785904 0.234639 0.046300 0.042354
0 0.842546 0.207275 0.050985 0.034111
0 0.869285 0.188342 0.055954 0.033734
0 0.878104 0.223201 0.037762 0.040481
0 0.917242 0.180298 0.046577 0.072312
0 0.953350 0.167908 0.031146 0.057364
0 0.978431 0.156862 0.025077 0.056967
0 0.990112 0.127814 0.019777 0.094833
0 0.806804 0.208624 0.020638 0.017270
