0 0.066088 0.630643 0.130885 0.125910
0 0.101808 0.719639 0.041154 0.080052
0 0.047762 0.765879 0.095523 0.041967
0 0.192685 0.627537 0.122308 0.107249
0 0.290415 0.579738 0.086877 0.198180
0 0.377288 0.535439 0.085731 0.319435
0 0.295277 0.439064 0.076015 0.083169
0 0.209112 0.397249 0.041346 0.090397
0 0.139158 0.462463 0.035715 0.034634
0 0.204150 0.497772 0.020838 0.022490
0 0.238550 0.528133 0.024808 0.096705
0 0.449408 0.364644 0.025800 0.027887
0 0.467765 0.353849 0.016208 0.034184
0 0.426254 0.264566 0.025800 0.025638
0 0.398800 0.254221 0.019185 0.018441
0 0.376308 0.259393 0.019185 0.017092
0 0.337608 0.341705 0.023154 0.029686
0 0.502658 0.582103 0.166038 0.217238
0 0.616108 0.575356 0.066154 0.252322
0 0.690196 0.523185 0.087315 0.085910
0 0.778177 0.456621 0.102538 0.199247
0 0.731373 0.658117 0.036715 0.089498
0 0.670019 0.633154 0.049608 0.089048
0 0.906950 0.650246 0.186100 0.175408
0 0.930323 0.760863 0.138262 0.052123
0 0.948127 0.806993 0.103746 0.044529
0 0.914588 0.514728 0.170823 0.102092
0 0.911138 0.448745 0.038369 0.045879
0 0.863838 0.384885 0.013892 0.020690
0 0.896585 0.390957 0.019185 0.028337
0 0.562027 0.398373 0.049946 0.098944
0 0.503485 0.383536 0.051262 0.052176
0 0.555200 0.151815 0.040200 0.042165
0 0.462635 0.084822 0.015392 0.017490
0 0.240754 0.325319 0.016308 0.018734
0 0.262573 0.286119 0.018146 0.022176
0 0.563469 0.463692 0.042031 0.031234
0 0.622815 0.428483 0.032800 0.021736
0 0.722869 0.355021 0.016262 0.023243
0 0.832296 0.225900 0.007992 0.012364
