0 0.334985 0.777521 0.253492 0.255209
0 0.195892 0.889425 0.037862 0.038054
0 0.340204 0.604351 0.223854 0.098766
0 0.348738 0.530952 0.154400 0.060983
0 0.378704 0.463483 0.146854 0.077176
0 0.387438 0.396015 0.138123 0.069623
0 0.402915 0.342045 0.131769 0.044801
0 0.422165 0.308583 0.095654 0.028609
0 0.431888 0.275931 0.076208 0.042092
0 0.460665 0.240037 0.068669 0.039404
0 0.478923 0.266213 0.020246 0.019435
0 0.483288 0.186872 0.081362 0.079874
0 0.505715 0.128855 0.063508 0.055596
0 0.517227 0.094043 0.044454 0.033462
0 0.529108 0.052552 0.045938 0.059038
0 0.570450 0.014017 0.080392 0.028033
0 0.157192 0.555921 0.019015 0.049854
0 0.236577 0.538865 0.013508 0.020241
0 0.265792 0.488645 0.015154 0.016496
0 0.323950 0.262819 0.017915 0.020617
0 0.405815 0.243143 0.039415 0.033734
0 0.468515 0.141757 0.012677 0.022866
0 0.545008 0.133886 0.016262 0.045345
