0 0.858919 0.711255 0.111115 0.157803
0 0.951065 0.753217 0.097869 0.149969
0 0.766738 0.554566 0.160492 0.117521
0 0.742046 0.656972 0.124277 0.080575
0 0.584854 0.541140 0.172015 0.139895
0 0.663862 0.627312 0.063369 0.057071
0 0.391442 0.470769 0.093008 0.108274
0 0.467573 0.512040 0.079008 0.079456
0 0.199265 0.419707 0.128392 0.062678
0 0.307081 0.441527 0.093823 0.083933
0 0.148481 0.367019 0.063946 0.049100
0 0.203531 0.370617 0.052646 0.053975
0 0.103750 0.254613 0.041623 0.082824
0 0.148538 0.280288 0.049615 0.028483
0 0.099065 0.315329 0.034454 0.038609
0 0.094654 0.158849 0.025631 0.018745
0 0.096031 0.184153 0.032246 0.022113
0 0.130623 0.169341 0.012123 0.017238
0 0.447527 0.446700 0.023423 0.052897
