0 0.413288 0.052569 0.144315 0.096524
0 0.396142 0.141946 0.148131 0.085092
0 0.356612 0.219163 0.082392 0.072206
0 0.436392 0.210583 0.021908 0.056478
0 0.339231 0.287067 0.114308 0.080831
0 0.318746 0.363591 0.079062 0.082217
0 0.341608 0.450820 0.111446 0.090808
0 0.395665 0.394694 0.050008 0.045762
0 0.297077 0.541980 0.060492 0.108672
0 0.288977 0.633857 0.083354 0.070785
0 0.210154 0.944157 0.164800 0.109400
0 0.197054 0.843701 0.102400 0.097240
0 0.214200 0.773632 0.056677 0.067217
0 0.269450 0.703204 0.094777 0.065069
0 0.448535 0.954850 0.128115 0.087991
0 0.469273 0.860144 0.118085 0.124400
0 0.740265 0.875878 0.086700 0.087229
0 0.711919 0.960814 0.027146 0.078372
0 0.547365 0.888741 0.040008 0.087229
0 0.547365 0.781137 0.055254 0.073637
0 0.506404 0.762194 0.046669 0.091524
0 0.363992 0.525889 0.079062 0.067921
0 0.654531 0.033256 0.105738 0.066513
0 0.590704 0.036842 0.028577 0.040751
0 0.693823 0.120855 0.150985 0.108684
0 0.733115 0.009677 0.049538 0.019307
0 0.856000 0.075092 0.036200 0.101524
0 0.804323 0.013597 0.043338 0.027194
0 0.596423 0.149099 0.058108 0.069353
0 0.555700 0.261703 0.064292 0.151582
0 0.659769 0.277079 0.046677 0.210924
0 0.608092 0.312113 0.111923 0.090808
0 0.529981 0.444024 0.079546 0.094376
0 0.548077 0.370029 0.035723 0.045046
0 0.650004 0.448672 0.074777 0.179469
0 0.634765 0.515167 0.180515 0.145139
0 0.697396 0.416143 0.026669 0.067206
0 0.635000 0.613476 0.171462 0.071501
0 0.623808 0.715716 0.069062 0.141570
0 0.680246 0.669607 0.059062 0.069353
0 0.733831 0.539833 0.030000 0.127263
0 0.731212 0.730733 0.021915 0.084376
0 0.720969 0.801518 0.025246 0.061490
0 0.801462 0.602754 0.035723 0.045762
