0 0.070527 0.873468 0.084346 0.061621
0 0.088385 0.775194 0.094923 0.048567
0 0.150073 0.740560 0.120392 0.042270
0 0.187938 0.700084 0.125354 0.043180
0 0.226808 0.646334 0.081369 0.068818
0 0.152550 0.655105 0.028777 0.058473
0 0.284523 0.609226 0.052585 0.079163
0 0.333973 0.574592 0.065485 0.099854
0 0.288327 0.559524 0.037038 0.034634
0 0.245992 0.600905 0.029108 0.031935
0 0.382262 0.542437 0.043662 0.105690
0 0.415008 0.616198 0.031092 0.019341
0 0.440973 0.604953 0.040023 0.044529
0 0.401281 0.453609 0.044654 0.042280
0 0.231273 0.544231 0.038038 0.033734
0 0.261373 0.544681 0.031423 0.046328
0 0.282708 0.502856 0.024477 0.029226
0 0.306365 0.479472 0.033423 0.038232
0 0.334796 0.517924 0.056562 0.023379
0 0.311150 0.427746 0.016531 0.018441
0 0.337608 0.442589 0.029108 0.032835
0 0.421458 0.494535 0.078392 0.044069
0 0.420135 0.524665 0.040023 0.026088
0 0.414512 0.416051 0.033408 0.041831
0 0.436673 0.445737 0.031423 0.061621
0 0.470242 0.412003 0.075408 0.030136
0 0.529281 0.394012 0.044654 0.071517
0 0.492735 0.380743 0.031746 0.036883
0 0.568642 0.384791 0.038700 0.077364
0 0.609162 0.316647 0.070123 0.042730
0 0.603042 0.397385 0.033408 0.041381
0 0.730715 0.312374 0.139246 0.026987
0 0.757338 0.340711 0.090631 0.035983
0 0.738650 0.294608 0.130654 0.032835
0 0.505465 0.351956 0.042008 0.026088
0 0.370685 0.426621 0.025800 0.025188
0 0.365062 0.468452 0.021831 0.020690
0 0.941900 0.298436 0.113785 0.071056
0 0.845981 0.282014 0.085992 0.025638
