0 0.051738 0.489582 0.103446 0.069163
0 0.125754 0.606935 0.248046 0.118912
0 0.237492 0.522615 0.102308 0.093264
0 0.173481 0.421967 0.134315 0.062950
0 0.234635 0.377662 0.092023 0.053630
0 0.260638 0.427019 0.050292 0.068389
0 0.321223 0.372223 0.089154 0.090931
0 0.366373 0.353572 0.017146 0.095596
0 0.416958 0.321318 0.050869 0.048180
0 0.457538 0.303441 0.034862 0.037301
0 0.491546 0.291396 0.034292 0.033421
0 0.519835 0.277406 0.037146 0.039644
0 0.544696 0.267688 0.017146 0.046632
0 0.170335 0.784916 0.180608 0.247929
0 0.286362 0.795408 0.061738 0.223828
0 0.042300 0.821062 0.084600 0.166328
0 0.040596 0.683107 0.078869 0.038075
0 0.274358 0.606548 0.050300 0.073054
0 0.068031 0.540879 0.076585 0.036527
