0 0.869050 0.823781 0.117162 0.094048
0 0.959242 0.852150 0.081515 0.096370
0 0.769885 0.857589 0.072015 0.088609
0 0.785888 0.646574 0.092592 0.115805
0 0.861904 0.673394 0.062869 0.069948
0 0.911912 0.684268 0.032577 0.051297
0 0.965815 0.713028 0.068369 0.077730
0 0.712450 0.619775 0.054285 0.115052
0 0.658150 0.599942 0.050869 0.048964
0 0.616427 0.578185 0.034869 0.039634
0 0.648146 0.547871 0.056015 0.061391
0 0.686442 0.558368 0.025146 0.031088
0 0.713015 0.543598 0.025723 0.026423
0 0.584419 0.487641 0.050869 0.045073
0 0.609569 0.517563 0.031431 0.036527
0 0.497100 0.543964 0.021492 0.018891
0 0.552169 0.462108 0.021831 0.053964
0 0.508512 0.406564 0.084669 0.047228
0 0.439219 0.400042 0.053254 0.048577
0 0.401512 0.390596 0.028777 0.032385
0 0.249696 0.319529 0.064500 0.067469
0 0.310050 0.337092 0.054254 0.041339
0 0.268385 0.360235 0.029769 0.018441
0 0.161546 0.282197 0.039692 0.024289
0 0.198804 0.269529 0.040008 0.022908
0 0.161573 0.254304 0.032162 0.025764
0 0.118215 0.233740 0.027754 0.023169
0 0.083669 0.213572 0.037892 0.034362
0 0.043473 0.200947 0.045177 0.019006
0 0.642338 0.490758 0.059538 0.053107
0 0.915965 0.548729 0.051438 0.035617
