0 0.848904 0.824310 0.065731 0.075774
0 0.941596 0.839854 0.116808 0.091318
0 0.763173 0.840826 0.085731 0.064770
0 0.811992 0.886485 0.091923 0.047280
0 0.789127 0.687657 0.037638 0.139247
0 0.840092 0.665633 0.069062 0.080952
0 0.897246 0.673729 0.052862 0.047918
0 0.946781 0.698991 0.048100 0.058295
0 0.978454 0.760518 0.042862 0.076433
0 0.686250 0.577552 0.083346 0.074477
0 0.705304 0.636485 0.052869 0.049874
0 0.617427 0.521851 0.062869 0.051172
0 0.626954 0.492055 0.069538 0.052458
0 0.914631 0.547108 0.055246 0.027856
0 0.561704 0.496914 0.063823 0.042741
0 0.560035 0.450282 0.045254 0.069958
0 0.490262 0.402029 0.092400 0.043389
0 0.424765 0.394587 0.040485 0.038860
0 0.716492 0.494001 0.034292 0.029153
0 0.796750 0.494969 0.015715 0.012950
0 0.915104 0.615115 0.027623 0.026548
0 0.249496 0.325601 0.062392 0.084843
0 0.300935 0.337589 0.040485 0.044048
0 0.334988 0.348274 0.033346 0.038222
0 0.154662 0.282186 0.042954 0.020607
0 0.168904 0.257354 0.031469 0.023431
0 0.078062 0.210973 0.039969 0.033117
0 0.116188 0.230492 0.031238 0.022803
0 0.041769 0.199257 0.035831 0.023431
