0 0.177531 0.677280 0.194908 0.186527
0 0.103238 0.803185 0.197185 0.104153
0 0.242977 0.556423 0.296062 0.100251
0 0.332996 0.626370 0.129746 0.058285
0 0.338142 0.451888 0.181177 0.139906
0 0.147812 0.460058 0.069162 0.121998
0 0.442304 0.401464 0.034562 0.228305
0 0.385927 0.356135 0.079838 0.081705
0 0.579612 0.344906 0.076208 0.314121
0 0.497688 0.319969 0.106685 0.216318
0 0.375519 0.176187 0.099546 0.112688
0 0.668438 0.286611 0.117646 0.382845
0 0.778462 0.141862 0.106215 0.282385
0 0.701777 0.061553 0.068108 0.117877
0 0.914677 0.093933 0.169077 0.187824
0 0.543173 0.071260 0.051915 0.069948
0 0.618431 0.036292 0.034769 0.036266
0 0.486496 0.131496 0.054777 0.076423
0 0.775154 0.518515 0.153846 0.112762
0 0.617954 0.534738 0.080492 0.077720
0 0.681538 0.574247 0.068585 0.104916
0 0.501665 0.489770 0.080177 0.043180
0 0.271731 0.304372 0.045723 0.062176
0 0.303735 0.363834 0.066300 0.064508
0 0.199142 0.385204 0.096023 0.066831
0 0.635981 0.077573 0.060638 0.036548
