0 0.039596 0.780465 0.077162 0.073190
0 0.019354 0.862395 0.037631 0.086778
0 0.020904 0.645800 0.041808 0.092835
0 0.114046 0.566192 0.061123 0.067469
0 0.107500 0.714639 0.055169 0.069676
0 0.186265 0.544064 0.085762 0.055596
0 0.241650 0.534618 0.026592 0.091747
0 0.264823 0.514195 0.022508 0.085586
0 0.286185 0.497960 0.018831 0.106172
0 0.314323 0.469995 0.036062 0.065282
0 0.347512 0.465000 0.031238 0.067782
0 0.380700 0.451255 0.036523 0.057155
0 0.406427 0.437354 0.014931 0.049351
0 0.428135 0.423614 0.027100 0.027479
0 0.449723 0.409090 0.025723 0.038410
0 0.475108 0.403473 0.022277 0.035293
0 0.496585 0.394880 0.022969 0.034362
0 0.520354 0.385356 0.023662 0.032176
0 0.541762 0.367066 0.021938 0.020429
0 0.589215 0.354953 0.027246 0.025847
0 0.652231 0.330230 0.031200 0.025774
0 0.670988 0.322422 0.017038 0.034613
0 0.701519 0.301203 0.025654 0.031234
0 0.685919 0.314744 0.018946 0.032793
