0 0.087888 0.676192 0.036515 0.056130
0 0.089677 0.715324 0.019446 0.029686
0 0.117462 0.664048 0.037708 0.067469
0 0.150804 0.627071 0.042469 0.056130
0 0.119050 0.614932 0.032146 0.031851
0 0.197435 0.591721 0.052392 0.086893
0 0.246854 0.561768 0.051200 0.077720
0 0.291900 0.526684 0.047631 0.075565
0 0.328215 0.457866 0.039292 0.125774
0 0.363342 0.457071 0.034931 0.099289
0 0.399265 0.436281 0.038500 0.116036
0 0.434588 0.416579 0.039300 0.102552
0 0.467731 0.389597 0.026985 0.073400
0 0.294677 0.466773 0.031754 0.049655
0 0.248835 0.443567 0.028977 0.023745
0 0.524619 0.332390 0.048946 0.058023
0 0.631288 0.353305 0.089638 0.103452
0 0.713481 0.343410 0.074085 0.107050
0 0.775496 0.346559 0.052592 0.091757
0 0.850577 0.368839 0.098231 0.051695
0 0.921688 0.369273 0.039362 0.060722
0 0.971512 0.377798 0.056977 0.079655
0 0.634431 0.241318 0.018523 0.020690
0 0.664531 0.258630 0.022492 0.015732
0 0.385562 0.371328 0.012062 0.026025
0 0.419346 0.359090 0.009954 0.021862
0 0.349192 0.358054 0.016646 0.016653
0 0.293004 0.430800 0.017915 0.019048
0 0.305754 0.398159 0.012631 0.015000
0 0.226708 0.479948 0.017092 0.024372
0 0.232942 0.508792 0.020900 0.015303
0 0.212388 0.540335 0.024808 0.039038
0 0.151058 0.537369 0.041808 0.039990
0 0.157488 0.588285 0.036746 0.030607
