0 0.065742 0.829545 0.130315 0.158546
0 0.128842 0.684059 0.090531 0.164142
0 0.146677 0.791308 0.052123 0.083933
0 0.191912 0.640047 0.063823 0.148964
0 0.240581 0.597772 0.037700 0.142490
0 0.272727 0.572939 0.030562 0.110105
0 0.304681 0.520403 0.039685 0.083483
0 0.337650 0.501036 0.035562 0.083243
0 0.363004 0.478938 0.027838 0.069718
0 0.386296 0.456077 0.033623 0.071213
0 0.407935 0.422526 0.024531 0.055094
0 0.437223 0.396192 0.041954 0.036444
0 0.467527 0.374174 0.034931 0.031883
0 0.498631 0.358447 0.063646 0.035575
0 0.516262 0.333290 0.052000 0.027333
0 0.538588 0.309754 0.043069 0.037082
0 0.565635 0.283724 0.027454 0.017992
0 0.588292 0.270905 0.024477 0.016642
0 0.061842 0.682908 0.049362 0.038598
0 0.183808 0.755811 0.024831 0.050973
