0 0.978873 0.525748 0.040238 0.023609
0 0.982131 0.605586 0.035738 0.142050
0 0.938908 0.608771 0.055677 0.101203
0 0.881988 0.621888 0.061469 0.074969
0 0.807723 0.631072 0.096985 0.070847
0 0.705723 0.645879 0.132862 0.098201
0 0.618350 0.657871 0.056777 0.041977
0 0.497627 0.679231 0.077177 0.091454
0 0.493904 0.612516 0.084069 0.059215
0 0.411354 0.626198 0.099231 0.103065
0 0.314058 0.611768 0.097023 0.104205
0 0.237569 0.588907 0.065877 0.083211
0 0.184231 0.547113 0.075523 0.073096
0 0.133104 0.516752 0.053746 0.063337
0 0.020650 0.421177 0.035008 0.040847
0 0.076050 0.453970 0.033346 0.038232
0 0.041596 0.383321 0.037208 0.025868
0 0.558027 0.611208 0.054377 0.057207
0 0.883435 0.673342 0.064777 0.044048
