0 0.416258 0.105334 0.369623 0.210667
0 0.725346 0.138455 0.245338 0.177320
0 0.927223 0.211027 0.145554 0.270986
0 0.776773 0.287531 0.152131 0.139415
0 0.700435 0.495231 0.180531 0.301715
0 0.489654 0.410149 0.255000 0.401817
0 0.656242 0.296468 0.113562 0.161581
0 0.479808 0.731350 0.561831 0.286561
0 0.402669 0.910662 0.278985 0.085801
0 0.846538 0.841165 0.205062 0.132125
0 0.962642 0.718049 0.074715 0.153573
0 0.106304 0.613116 0.206731 0.151345
0 0.081235 0.480303 0.141162 0.134877
0 0.255565 0.525601 0.224469 0.143111
