0 0.230442 0.863818 0.105731 0.093264
0 0.267831 0.784158 0.093831 0.101036
0 0.299027 0.712270 0.087638 0.077720
0 0.320938 0.773797 0.026677 0.063473
0 0.286169 0.858959 0.018092 0.056349
0 0.336212 0.677829 0.054669 0.085262
0 0.364119 0.619425 0.064546 0.071527
0 0.371931 0.670649 0.029631 0.039665
0 0.397081 0.601302 0.027100 0.099634
0 0.425088 0.567416 0.034946 0.061213
0 0.449104 0.542275 0.034223 0.056538
0 0.462427 0.516815 0.049377 0.051851
0 0.471038 0.553049 0.016077 0.033734
0 0.486315 0.496674 0.033308 0.059038
0 0.534665 0.421402 0.021592 0.017803
0 0.559123 0.406559 0.030092 0.039979
0 0.638600 0.355026 0.037446 0.043734
0 0.593696 0.360178 0.041346 0.027803
0 0.579685 0.379702 0.019292 0.020617
0 0.653896 0.315533 0.061408 0.037782
0 0.667919 0.290497 0.075100 0.020241
0 0.692908 0.263473 0.062338 0.040314
0 0.711319 0.240523 0.041469 0.025126
0 0.735527 0.181564 0.037208 0.051203
0 0.768377 0.168902 0.032154 0.034038
0 0.781250 0.146836 0.036208 0.027542
0 0.831415 0.120371 0.031262 0.029718
0 0.806450 0.135450 0.018346 0.013013
0 0.847127 0.095000 0.021531 0.018870
0 0.877112 0.087510 0.047054 0.068117
0 0.909331 0.080031 0.020892 0.042301
0 0.944412 0.065513 0.050762 0.034665
