0 0.056519 0.576710 0.113038 0.167751
0 0.129235 0.550476 0.061915 0.163211
0 0.199246 0.547882 0.092400 0.117877
0 0.250208 0.508054 0.067631 0.158682
0 0.327608 0.500931 0.090969 0.112050
0 0.415242 0.410554 0.089069 0.146423
0 0.636719 0.294644 0.029054 0.044038
0 0.514788 0.382730 0.110023 0.082908
0 0.578850 0.441020 0.073346 0.044048
0 0.650292 0.456888 0.072400 0.086140
0 0.706731 0.448143 0.039538 0.089383
0 0.772219 0.443933 0.071438 0.080962
0 0.777935 0.523598 0.078115 0.077071
0 0.838185 0.472113 0.068108 0.125649
0 0.895581 0.465957 0.054300 0.117228
0 0.961308 0.529106 0.071446 0.098441
0 0.969223 0.586423 0.061554 0.029142
