0 0.904985 0.641276 0.110923 0.187824
0 0.973104 0.691799 0.053792 0.124351
0 0.940254 0.786036 0.050015 0.069310
0 0.828777 0.580722 0.060538 0.073180
0 0.766650 0.553844 0.084777 0.091977
0 0.680438 0.473849 0.089538 0.067992
0 0.602804 0.412971 0.074300 0.074477
0 0.622808 0.469644 0.035246 0.046632
0 0.551596 0.380983 0.028885 0.093703
0 0.524500 0.368619 0.029477 0.052322
0 0.497708 0.327626 0.036369 0.024979
0 0.454927 0.286632 0.029669 0.033577
0 0.428608 0.268541 0.029477 0.038525
0 0.408508 0.242249 0.033308 0.040607
