0 0.951338 0.730654 0.056508 0.113944
0 0.986069 0.762139 0.026738 0.131182
0 0.908754 0.644639 0.051815 0.065596
0 0.871404 0.638457 0.035562 0.047228
0 0.855692 0.592542 0.042723 0.056590
0 0.817246 0.566867 0.043000 0.074215
0 0.769696 0.517950 0.054300 0.102322
0 0.726012 0.490779 0.036931 0.095199
0 0.691008 0.435120 0.036385 0.118065
0 0.652969 0.405324 0.041338 0.116192
0 0.608181 0.379100 0.050992 0.101925
0 0.558431 0.339733 0.049062 0.123692
0 0.505231 0.318368 0.058431 0.138682
0 0.600046 0.232913 0.009369 0.020994
0 0.431227 0.322678 0.033900 0.075335
0 0.374169 0.314618 0.079108 0.086956
0 0.319042 0.330549 0.038315 0.079843
0 0.273565 0.363159 0.049331 0.076088
0 0.276185 0.414320 0.030323 0.013494
0 0.226019 0.375152 0.045762 0.048358
0 0.193085 0.400078 0.039415 0.034487
0 0.144846 0.439242 0.030600 0.036349
