0 0.963365 0.729487 0.073269 0.108808
0 0.985988 0.806569 0.028023 0.050523
0 0.911565 0.658248 0.033900 0.051726
0 0.870631 0.628258 0.043000 0.059969
0 0.848719 0.576721 0.028392 0.051349
0 0.821296 0.566600 0.042992 0.061841
0 0.775815 0.517694 0.053477 0.101203
0 0.731165 0.499890 0.040238 0.073086
0 0.690512 0.431485 0.050992 0.071213
0 0.643788 0.405251 0.044100 0.105690
0 0.578604 0.354467 0.039962 0.111318
0 0.610027 0.380507 0.025085 0.095199
0 0.541258 0.341344 0.046854 0.112814
0 0.499777 0.313792 0.048785 0.126684
0 0.448785 0.321851 0.055954 0.079833
0 0.395588 0.312296 0.070838 0.095952
0 0.338946 0.314168 0.062292 0.095952
0 0.287127 0.350152 0.053469 0.058462
0 0.238750 0.370764 0.060915 0.043473
0 0.194654 0.396067 0.033354 0.037113
0 0.271554 0.414059 0.030046 0.017615
