0 0.024962 0.660429 0.049923 0.066381
0 0.040423 0.617521 0.045246 0.047490
0 0.078638 0.553426 0.052369 0.064655
0 0.113204 0.531715 0.048008 0.067469
0 0.144327 0.499859 0.027100 0.065596
0 0.117454 0.487673 0.028938 0.024362
0 0.172119 0.482678 0.028485 0.074331
0 0.199569 0.464718 0.029169 0.072782
0 0.231612 0.451909 0.036746 0.051538
0 0.269050 0.442071 0.037669 0.049979
0 0.298104 0.428802 0.028254 0.046538
0 0.324981 0.407249 0.031469 0.021548
0 0.442808 0.393975 0.029631 0.034351
0 0.411804 0.376328 0.033762 0.032176
0 0.379069 0.402720 0.026646 0.028117
0 0.449588 0.360863 0.034915 0.023734
0 0.477377 0.356025 0.036292 0.036548
0 0.475312 0.384759 0.032162 0.024665
0 0.510569 0.351339 0.032846 0.052782
0 0.537100 0.337594 0.027108 0.052782
0 0.585335 0.294650 0.021131 0.059341
0 0.566269 0.310575 0.022046 0.026234
0 0.603035 0.289006 0.019777 0.029310
0 0.630581 0.300115 0.021592 0.042782
0 0.653208 0.289650 0.024123 0.038107
0 0.676065 0.292306 0.021592 0.030303
0 0.696508 0.291527 0.026185 0.035607
0 0.719588 0.284812 0.020900 0.045921
0 0.752662 0.290586 0.045708 0.058724
0 0.797796 0.267636 0.030777 0.035921
0 0.910804 0.297620 0.047315 0.055910
0 0.907819 0.260915 0.023885 0.019362
0 0.864315 0.257479 0.029400 0.021234
