0 0.114742 0.624854 0.023654 0.054038
0 0.110723 0.677019 0.013785 0.044665
0 0.126688 0.577694 0.034223 0.050910
0 0.137485 0.531621 0.026877 0.049979
0 0.151608 0.496015 0.029400 0.066213
0 0.172285 0.464786 0.019754 0.059969
0 0.187554 0.422458 0.026877 0.042782
0 0.217415 0.410120 0.033769 0.055596
0 0.241531 0.388258 0.019985 0.057479
0 0.269438 0.373891 0.032615 0.052469
0 0.295396 0.358896 0.021131 0.052479
0 0.318135 0.349059 0.031238 0.047155
0 0.348454 0.341721 0.029862 0.046224
0 0.369358 0.335319 0.017915 0.042793
0 0.406792 0.322354 0.029400 0.032490
0 0.435046 0.314079 0.020677 0.036548
0 0.465596 0.298614 0.025731 0.023734
0 0.489138 0.313609 0.029169 0.030607
0 0.514408 0.294712 0.036062 0.046538
0 0.545527 0.285183 0.028023 0.045596
0 0.568496 0.274566 0.024346 0.049341
0 0.617192 0.236616 0.030323 0.039048
0 0.649350 0.235366 0.043638 0.039665
0 0.690119 0.237087 0.039731 0.033107
0 0.738354 0.236773 0.054892 0.043734
0 0.784985 0.232087 0.042492 0.039990
0 0.812315 0.242861 0.018600 0.054655
0 0.846538 0.263321 0.026877 0.024990
0 0.875592 0.250983 0.036292 0.058410
0 0.986608 0.285811 0.026785 0.027479
