0 0.043127 0.887678 0.050915 0.036967
0 0.055858 0.856579 0.044592 0.033054
0 0.074904 0.830418 0.037515 0.039561
0 0.086196 0.801653 0.033685 0.024728
0 0.098927 0.784864 0.043069 0.026548
0 0.116058 0.759100 0.024115 0.022908
0 0.134238 0.740230 0.026415 0.033054
0 0.144481 0.714331 0.028900 0.033326
0 0.160654 0.700664 0.016846 0.042939
0 0.182377 0.658630 0.021246 0.031234
0 0.204296 0.636114 0.016838 0.027333
0 0.218077 0.614383 0.016462 0.026548
0 0.236642 0.593295 0.025269 0.026025
0 0.262677 0.558813 0.035600 0.030973
0 0.255688 0.591606 0.017423 0.030973
0 0.271385 0.534079 0.030431 0.024205
0 0.289088 0.512218 0.031777 0.036695
0 0.306773 0.497589 0.016269 0.035659
0 0.326415 0.434006 0.026031 0.030188
0 0.321342 0.454566 0.015500 0.015094
0 0.348904 0.417087 0.030438 0.032793
0 0.368427 0.396522 0.031962 0.033316
0 0.390154 0.378044 0.014923 0.013536
0 0.404031 0.362945 0.015123 0.024467
0 0.418196 0.346810 0.020100 0.023954
0 0.436762 0.338745 0.026985 0.040084
0 0.455138 0.325465 0.020477 0.039571
0 0.491600 0.297092 0.023738 0.032280
0 0.520027 0.280696 0.023546 0.019257
0 0.543469 0.260785 0.029477 0.021088
0 0.557062 0.243996 0.019523 0.013536
0 0.635938 0.202871 0.022462 0.017354
0 0.704058 0.173316 0.026054 0.024038
