0 0.040219 0.040457 0.080438 0.080914
0 0.037765 0.268891 0.075531 0.186489
0 0.148519 0.339497 0.149546 0.183511
0 0.042231 0.467300 0.084462 0.210329
0 0.028169 0.632043 0.056338 0.119158
0 0.109458 0.635919 0.121423 0.056602
0 0.122185 0.567397 0.081692 0.100688
0 0.160350 0.722608 0.060715 0.115585
0 0.115262 0.465216 0.078569 0.103676
0 0.178427 0.439594 0.071869 0.056006
0 0.224631 0.225400 0.082138 0.103080
0 0.260342 0.346643 0.104454 0.183511
0 0.323512 0.204543 0.121869 0.115000
0 0.350296 0.579610 0.121869 0.280041
0 0.263242 0.657962 0.069192 0.163850
0 0.208338 0.696093 0.086154 0.086396
0 0.392704 0.407423 0.155792 0.075072
0 0.330873 0.285873 0.043746 0.051232
0 0.462565 0.343368 0.070531 0.150739
0 0.580658 0.399374 0.182546 0.068522
0 0.311146 0.110226 0.048662 0.095934
0 0.251192 0.045164 0.057585 0.045277
0 0.412123 0.040683 0.052677 0.072125
0 0.498946 0.052012 0.120077 0.078049
0 0.583092 0.158070 0.050892 0.240123
0 0.635323 0.127089 0.050892 0.091160
0 0.621708 0.318347 0.128123 0.081622
0 0.532204 0.262336 0.063392 0.051838
0 0.451627 0.616253 0.086162 0.354517
0 0.442254 0.913270 0.065615 0.127505
0 0.521046 0.818835 0.132138 0.082823
0 0.551842 0.691032 0.123208 0.245472
0 0.677285 0.697284 0.133923 0.231776
0 0.794023 0.808409 0.109369 0.371786
0 0.683758 0.905821 0.112054 0.185298
0 0.550504 0.974636 0.149992 0.047669
0 0.882635 0.866499 0.065177 0.257988
0 0.956938 0.870370 0.086123 0.082218
0 0.918346 0.591525 0.160708 0.085801
0 0.939531 0.509307 0.120938 0.084610
0 0.939150 0.356001 0.121700 0.224035
0 0.727731 0.370180 0.088385 0.117382
0 0.856296 0.382100 0.066069 0.159086
0 0.793350 0.223018 0.076777 0.076858
0 0.684650 0.230164 0.043300 0.113799
0 0.971673 0.214081 0.056654 0.055411
