0 0.335415 0.703713 0.049062 0.063473
0 0.384477 0.703394 0.059538 0.043400
0 0.446631 0.705010 0.055246 0.045335
0 0.498785 0.682019 0.030000 0.021381
0 0.496162 0.703065 0.036200 0.016841
0 0.239446 0.645748 0.065723 0.052458
0 0.241827 0.690115 0.080962 0.041444
0 0.295408 0.703719 0.036677 0.058295
0 0.206819 0.649310 0.058577 0.049226
0 0.230873 0.612720 0.072392 0.034331
0 0.225154 0.577746 0.056200 0.034320
0 0.236588 0.549895 0.042869 0.027845
0 0.237458 0.520089 0.020669 0.020617
0 0.257719 0.487667 0.040792 0.025481
0 0.261577 0.461056 0.035831 0.020983
0 0.285415 0.414958 0.030046 0.018745
