0 0.173992 0.863185 0.158892 0.085492
0 0.177138 0.781192 0.143462 0.078494
0 0.173423 0.703860 0.107446 0.077720
0 0.117123 0.660335 0.103446 0.031088
0 0.137700 0.614864 0.061154 0.067615
0 0.158846 0.551930 0.038292 0.075429
0 0.182958 0.481046 0.046669 0.048577
0 0.203200 0.442186 0.035723 0.043389
0 0.213681 0.486553 0.030008 0.042751
0 0.232385 0.424812 0.038585 0.045356
0 0.254435 0.398389 0.021500 0.018745
0 0.287512 0.351161 0.020392 0.018745
0 0.312731 0.318180 0.015708 0.028494
0 0.322931 0.299629 0.013508 0.011621
