0 0.956162 0.695188 0.047631 0.021046
0 0.894246 0.722171 0.053185 0.030764
0 0.834112 0.744032 0.055962 0.036705
0 0.775173 0.768865 0.073823 0.038860
0 0.679715 0.785826 0.114708 0.067469
0 0.592796 0.787484 0.062315 0.073944
0 0.530096 0.793687 0.090115 0.050743
0 0.418950 0.757526 0.065485 0.068002
0 0.464396 0.730539 0.039685 0.041015
0 0.366162 0.706522 0.067077 0.064236
0 0.317146 0.681967 0.049215 0.074477
0 0.280627 0.635816 0.048423 0.056674
0 0.236965 0.577531 0.040485 0.042636
0 0.154412 0.489017 0.042069 0.037238
0 0.213354 0.546783 0.081369 0.026412
0 0.192715 0.512490 0.037708 0.037782
0 0.164335 0.394561 0.022223 0.024289
