0 0.247331 0.473991 0.092831 0.057751
0 0.337008 0.486878 0.091846 0.057751
0 0.085546 0.831104 0.164169 0.147207
0 0.383427 0.872986 0.172838 0.061768
0 0.197258 0.866951 0.071115 0.087291
0 0.115581 0.735957 0.068008 0.069174
0 0.012819 0.610774 0.025638 0.049874
0 0.176862 0.473797 0.049062 0.032385
0 0.422388 0.501642 0.078115 0.058285
0 0.445246 0.554100 0.080015 0.047929
0 0.468346 0.591993 0.056677 0.033023
0 0.566223 0.657730 0.069538 0.076423
0 0.619569 0.874697 0.059062 0.062176
0 0.953685 0.695941 0.089062 0.093264
0 0.752692 0.624702 0.076677 0.072542
0 0.880100 0.668745 0.065723 0.045335
0 0.677438 0.534676 0.065246 0.064770
0 0.734100 0.563504 0.044262 0.046004
0 0.398573 0.418421 0.034300 0.047280
0 0.456442 0.378912 0.035715 0.060230
0 0.641954 0.481564 0.035246 0.038860
0 0.527227 0.584817 0.054777 0.038860
0 0.463523 0.333572 0.018662 0.028609
0 0.416292 0.366496 0.013892 0.021046
0 0.613700 0.428269 0.032846 0.039676
