0 0.670777 0.734754 0.041154 0.077228
0 0.683123 0.641302 0.059262 0.100722
0 0.706165 0.776721 0.041146 0.080575
0 0.874065 0.700058 0.092177 0.095136
0 0.900400 0.785675 0.047738 0.071621
0 0.481892 0.812537 0.076538 0.085052
0 0.497531 0.729158 0.083123 0.068274
0 0.447323 0.883604 0.165431 0.048128
0 0.246923 0.400513 0.046292 0.051297
0 0.237204 0.446757 0.078300 0.045858
0 0.230635 0.480570 0.084592 0.023316
0 0.287215 0.365539 0.056015 0.027981
0 0.534696 0.502333 0.051438 0.051297
0 0.486685 0.618907 0.038862 0.074613
0 0.747312 0.527197 0.033146 0.051297
0 0.789604 0.500387 0.041146 0.086276
0 0.818465 0.578494 0.042869 0.035753
0 0.783604 0.432767 0.058869 0.050513
0 0.613569 0.386527 0.036585 0.066841
0 0.703015 0.275382 0.022292 0.023316
